Voltage V	Current I	Current I
(V)	(A)	(A)
-6.81877E-4	1.4317E-11	1.4317E-11
0.0192118	2.85745E-11	2.85745E-11
0.0390697	3.71456E-11	3.71456E-11
0.0592923	4.68373E-11	4.68373E-11
0.0791526	5.46813E-11	5.46813E-11
0.0993776	6.15478E-11	6.15478E-11
0.119238	6.97136E-11	6.97136E-11
0.139115	7.28726E-11	7.28726E-11
0.159354	8.35419E-11	8.35419E-11
0.179207	9.57727E-11	9.57727E-11
0.199382	1.01447E-10	1.01447E-10
0.219269	1.086E-10	1.086E-10
0.239143	1.16813E-10	1.16813E-10
0.259361	1.2939E-10	1.2939E-10
0.279219	1.42443E-10	1.42443E-10
0.299447	1.5161E-10	1.5161E-10
0.319295	1.67871E-10	1.67871E-10
0.339148	1.88887E-10	1.88887E-10
0.359333	2.19834E-10	2.19834E-10
0.379219	2.62499E-10	2.62499E-10
0.399406	3.28839E-10	3.28839E-10
0.419304	4.45354E-10	4.45354E-10
0.439162	6.31869E-10	6.31869E-10
0.459352	9.12237E-10	9.12237E-10
0.479245	1.3114E-9	1.3114E-9
0.499489	1.86342E-9	1.86342E-9
0.519338	2.59053E-9	2.59053E-9
0.539231	3.5955E-9	3.5955E-9
0.559447	4.9811E-9	4.9811E-9
0.57936	6.91063E-9	6.91063E-9
0.599482	9.56653E-9	9.56653E-9
0.61938	1.3163E-8	1.3163E-8
0.639241	1.804E-8	1.804E-8
0.659447	2.47788E-8	2.47788E-8
0.679297	3.39634E-8	3.39634E-8
0.699482	4.63788E-8	4.63788E-8
0.719364	6.3152E-8	6.3152E-8
0.739186	8.5107E-8	8.5107E-8
0.75948	1.42579E-7	1.42579E-7
0.779357	1.75331E-7	1.75331E-7
0.799539	2.35567E-7	2.35567E-7
0.819421	3.15254E-7	3.15254E-7
0.839283	4.22382E-7	4.22382E-7
0.859454	5.65762E-7	5.65762E-7
0.879321	7.54442E-7	7.54442E-7
0.899549	1.05017E-6	1.05017E-6
0.919449	1.38148E-6	1.38148E-6
0.939295	1.81785E-6	1.81785E-6
0.959487	2.39691E-6	2.39691E-6
0.979347	3.15345E-6	3.15345E-6
0.999541	4.13867E-6	4.13867E-6
1.01941	5.40458E-6	5.40458E-6
1.03928	7.02121E-6	7.02121E-6
1.05947	9.12137E-6	9.12137E-6
1.07934	1.23299E-5	1.23299E-5
1.09956	1.5798E-5	1.5798E-5
1.11947	2.01593E-5	2.01593E-5
1.13932	2.56173E-5	2.56173E-5
1.15954	3.25036E-5	3.25036E-5
1.17939	4.10178E-5	4.10178E-5
1.19959	5.1711E-5	5.1711E-5
1.21945	6.47503E-5	6.47503E-5
1.23934	8.0442E-5	8.0442E-5
1.25951	9.98315E-5	9.98315E-5
1.27943	1.28039E-4	1.28039E-4
1.29965	1.55239E-4	1.55239E-4
1.31948	1.87541E-4	1.87541E-4
1.33932	2.25724E-4	2.25724E-4
1.35957	2.70216E-4	2.70216E-4
1.3794	3.22324E-4	3.22324E-4
1.39961	3.83181E-4	3.83181E-4
1.4195	4.52282E-4	4.52282E-4
1.43933	5.30086E-4	5.30086E-4
1.45955	6.18373E-4	6.18373E-4
1.4794	7.17705E-4	7.17705E-4
1.49966	8.30523E-4	8.30523E-4
1.5195	9.56616E-4	9.56616E-4
1.53938	0.00113974	0.00113974
1.55959	0.0012886	0.0012886
1.57951	0.00145503	0.00145503
1.59966	0.00164085	0.00164085
1.61959	0.00184478	0.00184478
1.63945	0.00206974	0.00206974
1.65965	0.00231846	0.00231846
1.67952	0.00259443	0.00259443
1.69971	0.00289186	0.00289186
1.71957	0.00321481	0.00321481
1.73946	0.00356547	0.00356547
1.75965	0.00394695	0.00394695
1.77952	0.00435603	0.00435603
1.79973	0.00479682	0.00479682
1.81963	0.00525831	0.00525831
1.8395	0.00574504	0.00574504
1.8597	0.00624138	0.00624138
1.87955	0.0067296	0.0067296
1.89976	0.00720312	0.00720312
1.91963	0.00764019	0.00764019
1.93953	0.00803211	0.00803211
1.9597	0.00839223	0.00839223
1.97956	0.00871351	0.00871351
1.99974	0.00900794	0.00900794
2.01962	0.00928434	0.00928434
2.03949	0.00954445	0.00954445
2.05973	0.00979699	0.00979699
2.07459	0.00999992	0.00999992
2.06921	0.00999993	0.00999993
2.06583	0.0099999	0.0099999
2.06302	0.00999991	0.00999991
2.06061	0.0099999	0.0099999
2.0588	0.00999989	0.00999989
2.05703	0.00999992	0.00999992
2.05525	0.0099999	0.0099999
2.05332	0.00999988	0.00999988
2.0522	0.00999989	0.00999989
2.0511	0.00999987	0.00999987
2.05001	0.00999989	0.00999989
2.0489	0.00999988	0.00999988
2.04806	0.00999989	0.00999989
2.04725	0.0099999	0.0099999
2.04628	0.00999991	0.00999991
2.04506	0.00999988	0.00999988
2.04428	0.00999992	0.00999992
2.04353	0.00999991	0.00999991
2.04292	0.00999992	0.00999992
2.04222	0.00999993	0.00999993
2.04144	0.00999991	0.00999991
2.04073	0.00999989	0.00999989
2.04012	0.0099999	0.0099999
2.03943	0.00999991	0.00999991
2.03881	0.0099999	0.0099999
2.03817	0.00999989	0.00999989
2.03742	0.0099999	0.0099999
2.0367	0.00999991	0.00999991
2.03597	0.0099999	0.0099999
2.03533	0.00999991	0.00999991
2.03446	0.00999991	0.00999991
2.03396	0.00999991	0.00999991
2.03348	0.00999993	0.00999993
2.03286	0.00999992	0.00999992
2.0322	0.00999989	0.00999989
2.03151	0.00999991	0.00999991
2.0308	0.00999992	0.00999992
2.0298	0.00999991	0.00999991
2.02918	0.00999989	0.00999989
2.02881	0.00999989	0.00999989
2.02833	0.00999988	0.00999988
2.02785	0.00999989	0.00999989
2.02716	0.00999988	0.00999988
2.02671	0.0099999	0.0099999
2.02616	0.00999992	0.00999992
2.02549	0.0099999	0.0099999
2.02518	0.0099999	0.0099999
2.02461	0.00999993	0.00999993
2.02408	0.00999991	0.00999991
2.02362	0.0099999	0.0099999
2.02302	0.00999992	0.00999992
2.02243	0.00999992	0.00999992
2.02192	0.00999992	0.00999992
2.0214	0.00999995	0.00999995
2.02091	0.00999994	0.00999994
2.02062	0.00999995	0.00999995
2.02003	0.00999995	0.00999995
2.01963	0.00999995	0.00999995
2.01944	0.00999996	0.00999996
2.0188	0.00999995	0.00999995
2.01832	0.00999993	0.00999993
2.01803	0.00999996	0.00999996
2.01767	0.00999999	0.00999999
2.01721	0.00999997	0.00999997
2.01682	0.00999994	0.00999994
2.01636	0.00999997	0.00999997
2.01592	0.00999996	0.00999996
2.01566	0.00999999	0.00999999
2.01526	0.00999997	0.00999997
2.01476	0.00999997	0.00999997
2.01429	0.00999996	0.00999996
2.01399	0.00999995	0.00999995
2.01368	0.00999996	0.00999996
2.01327	0.00999997	0.00999997
2.01299	0.00999996	0.00999996
2.0124	0.00999996	0.00999996
2.01223	0.00999997	0.00999997
2.01199	0.00999994	0.00999994
2.0114	0.00999995	0.00999995
2.01111	0.00999997	0.00999997
2.01082	0.00999997	0.00999997
2.01021	0.00999998	0.00999998
2.01002	0.00999997	0.00999997
2.00932	0.00999997	0.00999997
2.00901	0.00999997	0.00999997
2.00875	0.00999997	0.00999997
2.00846	0.00999994	0.00999994
2.00783	0.00999996	0.00999996
2.00741	0.00999993	0.00999993
2.00703	0.00999995	0.00999995
2.0067	0.00999995	0.00999995
2.00641	0.00999993	0.00999993
2.00609	0.00999994	0.00999994
2.00546	0.00999993	0.00999993
2.00513	0.00999993	0.00999993
1.99968	0.00995075	0.00995075
1.97952	0.00976294	0.00976294
1.95963	0.00957169	0.00957169
1.93945	0.00937609	0.00937609
1.91956	0.00918482	0.00918482
1.89972	0.00899288	0.00899288
1.87952	0.00879885	0.00879885
1.85967	0.00860759	0.00860759
1.83948	0.0084157	0.0084157
1.8196	0.00822898	0.00822898
1.79965	0.00803916	0.00803916
1.77949	0.00784908	0.00784908
1.75963	0.00766305	0.00766305
1.73941	0.00747556	0.00747556
1.71953	0.00729298	0.00729298
1.69967	0.00711132	0.00711132
1.67946	0.00692744	0.00692744
1.65961	0.0067477	0.0067477
1.63942	0.00656738	0.00656738
1.61957	0.00639024	0.00639024
1.59966	0.00621405	0.00621405
1.57948	0.00603738	0.00603738
1.5596	0.0058644	0.0058644
1.53941	0.00568985	0.00568985
1.51951	0.00552033	0.00552033
1.49964	0.00535158	0.00535158
1.47941	0.0051817	0.0051817
1.45955	0.00501645	0.00501645
1.43934	0.00485007	0.00485007
1.41947	0.00468722	0.00468722
1.39959	0.00452732	0.00452732
1.37934	0.00436593	0.00436593
1.35947	0.00420931	0.00420931
1.33934	0.00405171	0.00405171
1.31944	0.00389915	0.00389915
1.29959	0.00374829	0.00374829
1.27938	0.00359755	0.00359755
1.25951	0.0034506	0.0034506
1.23931	0.00330424	0.00330424
1.21941	0.00316152	0.00316152
1.19957	0.00301928	0.00301928
1.17934	0.00287938	0.00287938
1.15947	0.00274408	0.00274408
1.1393	0.00260991	0.00260991
1.11942	0.00248013	0.00248013
1.09952	0.00235313	0.00235313
1.07937	0.00222664	0.00222664
1.05948	0.00210494	0.00210494
1.03929	0.00198446	0.00198446
1.01941	0.00186898	0.00186898
0.999551	0.00175615	0.00175615
0.979354	0.00164471	0.00164471
0.959489	0.00153881	0.00153881
0.939281	0.00143444	0.00143444
0.919406	0.00133484	0.00133484
0.89951	0.00123878	0.00123878
0.87934	0.00114472	0.00114472
0.859451	0.00105536	0.00105536
0.839233	9.63488E-4	9.63488E-4
0.819411	8.828E-4	8.828E-4
0.799451	8.05282E-4	8.05282E-4
0.779293	7.30318E-4	7.30318E-4
0.759432	6.60364E-4	6.60364E-4
0.739222	5.92962E-4	5.92962E-4
0.719366	5.30942E-4	5.30942E-4
0.699463	4.72913E-4	4.72913E-4
0.679286	4.18198E-4	4.18198E-4
0.659411	3.6811E-4	3.6811E-4
0.639217	3.21234E-4	3.21234E-4
0.619369	2.78871E-4	2.78871E-4
0.599511	2.40611E-4	2.40611E-4
0.579302	2.05475E-4	2.05475E-4
0.559418	1.74548E-4	1.74548E-4
0.53925	1.46558E-4	1.46558E-4
0.519369	1.22493E-4	1.22493E-4
0.499487	1.01526E-4	1.01526E-4
0.479228	8.15099E-5	8.15099E-5
0.459354	6.67397E-5	6.67397E-5
0.439155	5.33223E-5	5.33223E-5
0.419314	4.26248E-5	4.26248E-5
0.399415	3.39029E-5	3.39029E-5
0.379229	2.66479E-5	2.66479E-5
0.359337	2.07923E-5	2.07923E-5
0.339174	1.59884E-5	1.59884E-5
0.319312	1.22081E-5	1.22081E-5
0.299356	8.8756E-6	8.8756E-6
0.279253	6.69559E-6	6.69559E-6
0.259356	4.98172E-6	4.98172E-6
0.239153	3.65666E-6	3.65666E-6
0.219269	2.66134E-6	2.66134E-6
0.199394	1.91728E-6	1.91728E-6
0.179214	1.35759E-6	1.35759E-6
0.159233	8.99448E-7	8.99448E-7
0.139103	6.26168E-7	6.26168E-7
0.1192	4.3119E-7	4.3119E-7
0.0993609	2.90167E-7	2.90167E-7
0.0790977	1.88222E-7	1.88222E-7
0.0592756	1.17212E-7	1.17212E-7
0.0390744	5.49724E-8	5.49724E-8
0.0192237	3.11829E-8	3.11829E-8
-6.31809E-4	5.79286E-9	5.79286E-9
-0.0200462	-9.35285E-9	9.35285E-9
-0.0399733	-3.5139E-8	3.5139E-8
-0.0601792	-5.49173E-8	5.49173E-8
-0.0800776	-7.37309E-8	7.37309E-8
-0.100272	-9.35622E-8	9.35622E-8
-0.12023	-1.15776E-7	1.15776E-7
-0.140064	-1.2396E-7	1.2396E-7
-0.16032	-1.43341E-7	1.43341E-7
-0.180154	-1.61296E-7	1.61296E-7
-0.200348	-1.81558E-7	1.81558E-7
-0.220251	-1.99777E-7	1.99777E-7
-0.240095	-2.18498E-7	2.18498E-7
-0.260308	-2.39544E-7	2.39544E-7
-0.280178	-2.60963E-7	2.60963E-7
-0.300372	-2.85893E-7	2.85893E-7
-0.320239	-3.10749E-7	3.10749E-7
-0.34013	-3.39181E-7	3.39181E-7
-0.360274	-3.72845E-7	3.72845E-7
-0.380149	-4.06751E-7	4.06751E-7
-0.400338	-4.44497E-7	4.44497E-7
-0.420227	-4.844E-7	4.844E-7
-0.440049	-5.32993E-7	5.32993E-7
-0.460262	-5.86964E-7	5.86964E-7
-0.480123	-6.41343E-7	6.41343E-7
-0.500371	-7.04165E-7	7.04165E-7
-0.520239	-7.73063E-7	7.73063E-7
-0.540133	-8.52685E-7	8.52685E-7
-0.560308	-9.41761E-7	9.41761E-7
-0.580246	-9.59669E-7	9.59669E-7
-0.600417	-1.06381E-6	1.06381E-6
-0.620294	-1.17258E-6	1.17258E-6
-0.640152	-1.28585E-6	1.28585E-6
-0.660329	-1.41307E-6	1.41307E-6
-0.680208	-1.5488E-6	1.5488E-6
-0.700424	-1.69931E-6	1.69931E-6
-0.720258	-1.85257E-6	1.85257E-6
-0.740166	-2.02041E-6	2.02041E-6
-0.760348	-2.21044E-6	2.21044E-6
-0.780241	-2.40294E-6	2.40294E-6
-0.800426	-2.61517E-6	2.61517E-6
-0.820324	-2.84048E-6	2.84048E-6
-0.840168	-3.07863E-6	3.07863E-6
-0.8604	-3.34191E-6	3.34191E-6
-0.88026	-3.60796E-6	3.60796E-6
-0.900462	-3.90578E-6	3.90578E-6
-0.920308	-4.21275E-6	4.21275E-6
-0.940216	-4.52391E-6	4.52391E-6
-0.960391	-4.90191E-6	4.90191E-6
-0.980246	-5.26465E-6	5.26465E-6
-1.00046	-5.65494E-6	5.65494E-6
-1.02032	-6.03785E-6	6.03785E-6
-1.0405	-6.45977E-6	6.45977E-6
-1.0604	-6.87198E-6	6.87198E-6
-1.08028	-7.28321E-6	7.28321E-6
-1.10044	-7.79505E-6	7.79505E-6
-1.12036	-8.27353E-6	8.27353E-6
-1.14055	-8.82363E-6	8.82363E-6
-1.1604	-9.36631E-6	9.36631E-6
-1.18026	-9.94964E-6	9.94964E-6
-1.20046	-9.94369E-6	9.94369E-6
-1.22034	-1.06483E-5	1.06483E-5
-1.24055	-1.13774E-5	1.13774E-5
-1.26041	-1.20409E-5	1.20409E-5
-1.28031	-1.27601E-5	1.27601E-5
-1.3005	-1.35285E-5	1.35285E-5
-1.32033	-1.41875E-5	1.41875E-5
-1.34051	-1.50504E-5	1.50504E-5
-1.36042	-1.58969E-5	1.58969E-5
-1.38026	-1.67466E-5	1.67466E-5
-1.40048	-1.75918E-5	1.75918E-5
-1.42033	-1.84647E-5	1.84647E-5
-1.44053	-1.9432E-5	1.9432E-5
-1.46039	-2.04294E-5	2.04294E-5
-1.48031	-2.13681E-5	2.13681E-5
-1.50051	-2.22439E-5	2.22439E-5
-1.52037	-2.3331E-5	2.3331E-5
-1.54054	-2.43456E-5	2.43456E-5
-1.56044	-2.54316E-5	2.54316E-5
-1.58031	-2.66591E-5	2.66591E-5
-1.60049	-2.79025E-5	2.79025E-5
-1.62034	-2.89304E-5	2.89304E-5
-1.64054	-3.03402E-5	3.03402E-5
-1.6604	-3.14213E-5	3.14213E-5
-1.68029	-3.26419E-5	3.26419E-5
-1.70049	-3.3979E-5	3.3979E-5
-1.7204	-3.51777E-5	3.51777E-5
-1.74057	-3.66364E-5	3.66364E-5
-1.76043	-3.81899E-5	3.81899E-5
-1.7803	-3.95075E-5	3.95075E-5
-1.80049	-4.09935E-5	4.09935E-5
-1.82044	-4.23353E-5	4.23353E-5
-1.84057	-4.38219E-5	4.38219E-5
-1.86045	-4.52265E-5	4.52265E-5
-1.88034	-4.6782E-5	4.6782E-5
-1.90056	-4.81933E-5	4.81933E-5
-1.92041	-4.98318E-5	4.98318E-5
-1.94062	-5.16929E-5	5.16929E-5
-1.96048	-5.31012E-5	5.31012E-5
-1.98032	-5.44364E-5	5.44364E-5
-2.00054	-5.64357E-5	5.64357E-5
-2.0204	-5.81231E-5	5.81231E-5
-2.04059	-5.98941E-5	5.98941E-5
-2.06048	-6.16621E-5	6.16621E-5
-2.08066	-6.34954E-5	6.34954E-5
-2.10054	-6.51854E-5	6.51854E-5
-2.12039	-6.70944E-5	6.70944E-5
-2.14063	-6.89989E-5	6.89989E-5
-2.16049	-7.09528E-5	7.09528E-5
-2.1807	-7.29015E-5	7.29015E-5
-2.2006	-7.47536E-5	7.47536E-5
-2.22046	-7.67903E-5	7.67903E-5
-2.24062	-7.77923E-5	7.77923E-5
-2.26054	-7.93761E-5	7.93761E-5
-2.28072	-8.1545E-5	8.1545E-5
-2.30059	-8.32598E-5	8.32598E-5
-2.32041	-8.53049E-5	8.53049E-5
-2.34065	-8.75186E-5	8.75186E-5
-2.36051	-8.9721E-5	8.9721E-5
-2.38073	-9.22545E-5	9.22545E-5
-2.40059	-9.44395E-5	9.44395E-5
-2.42048	-9.65178E-5	9.65178E-5
-2.44065	-9.87763E-5	9.87763E-5
-2.46055	-9.76495E-5	9.76495E-5
-2.48073	-1.00281E-4	1.00281E-4
-2.50063	-1.02607E-4	1.02607E-4
-2.52049	-1.05119E-4	1.05119E-4
-2.54071	-1.07811E-4	1.07811E-4
-2.56057	-1.10408E-4	1.10408E-4
-2.58079	-1.12997E-4	1.12997E-4
-2.60067	-1.1548E-4	1.1548E-4
-2.62054	-1.18341E-4	1.18341E-4
-2.6407	-1.20858E-4	1.20858E-4
-2.66058	-1.235E-4	1.235E-4
-2.6808	-1.26369E-4	1.26369E-4
-2.70066	-1.28869E-4	1.28869E-4
-2.72055	-1.31359E-4	1.31359E-4
-2.74073	-1.33636E-4	1.33636E-4
-2.76061	-1.36002E-4	1.36002E-4
-2.78078	-1.38612E-4	1.38612E-4
-2.80071	-1.41319E-4	1.41319E-4
-2.82063	-1.43751E-4	1.43751E-4
-2.8408	-1.46487E-4	1.46487E-4
-2.86065	-1.48937E-4	1.48937E-4
-2.88088	-1.51687E-4	1.51687E-4
-2.90074	-1.53992E-4	1.53992E-4
-2.92063	-1.56388E-4	1.56388E-4
-2.94082	-1.59241E-4	1.59241E-4
-2.96065	-1.61859E-4	1.61859E-4
-2.98087	-1.64511E-4	1.64511E-4
-3.00074	-1.66518E-4	1.66518E-4
-3.02096	-1.69235E-4	1.69235E-4
-3.04083	-1.7234E-4	1.7234E-4
-3.0607	-1.74727E-4	1.74727E-4
-3.08089	-1.77408E-4	1.77408E-4
-3.10075	-1.79965E-4	1.79965E-4
-3.12099	-1.82518E-4	1.82518E-4
-3.14084	-1.85087E-4	1.85087E-4
-3.16073	-1.87615E-4	1.87615E-4
-3.18091	-1.90497E-4	1.90497E-4
-3.20081	-1.92752E-4	1.92752E-4
-3.22101	-1.95795E-4	1.95795E-4
-3.2409	-1.98129E-4	1.98129E-4
-3.26073	-2.00195E-4	2.00195E-4
-3.2809	-2.03291E-4	2.03291E-4
-3.30083	-2.05616E-4	2.05616E-4
-3.32101	-2.08434E-4	2.08434E-4
-3.34087	-2.10839E-4	2.10839E-4
-3.36075	-2.1291E-4	2.1291E-4
-3.38092	-2.15889E-4	2.15889E-4
-3.40079	-2.19002E-4	2.19002E-4
-3.42101	-2.21622E-4	2.21622E-4
-3.44098	-2.24029E-4	2.24029E-4
-3.46085	-2.26703E-4	2.26703E-4
-3.48098	-2.29263E-4	2.29263E-4
-3.50084	-2.32026E-4	2.32026E-4
-3.52104	-2.34636E-4	2.34636E-4
-3.54092	-2.37255E-4	2.37255E-4
-3.56078	-2.39742E-4	2.39742E-4
-3.581	-2.42177E-4	2.42177E-4
-3.60087	-2.44619E-4	2.44619E-4
-3.62105	-2.47463E-4	2.47463E-4
-3.64092	-2.49946E-4	2.49946E-4
-3.66081	-2.52965E-4	2.52965E-4
-3.68096	-2.56156E-4	2.56156E-4
-3.70088	-2.58346E-4	2.58346E-4
-3.72106	-2.61474E-4	2.61474E-4
-3.74093	-2.64243E-4	2.64243E-4
-3.7608	-2.66893E-4	2.66893E-4
-3.78099	-2.69369E-4	2.69369E-4
-3.80084	-2.72093E-4	2.72093E-4
-3.82104	-2.75363E-4	2.75363E-4
-3.84091	-2.77203E-4	2.77203E-4
-3.86083	-2.79896E-4	2.79896E-4
-3.88098	-2.82846E-4	2.82846E-4
-3.90086	-2.85734E-4	2.85734E-4
-3.92105	-2.8807E-4	2.8807E-4
-3.94092	-2.90868E-4	2.90868E-4
-3.96078	-2.93377E-4	2.93377E-4
-3.981	-2.96038E-4	2.96038E-4
-4.00088	-2.98831E-4	2.98831E-4
-3.981	-2.68682E-4	2.68682E-4
-3.96079	-2.44097E-4	2.44097E-4
-3.94095	-2.22836E-4	2.22836E-4
-3.92104	-2.04117E-4	2.04117E-4
-3.90087	-1.87557E-4	1.87557E-4
-3.881	-1.73132E-4	1.73132E-4
-3.8608	-1.59505E-4	1.59505E-4
-3.84091	-1.4761E-4	1.4761E-4
-3.82104	-1.36839E-4	1.36839E-4
-3.80084	-1.26612E-4	1.26612E-4
-3.78098	-1.1723E-4	1.1723E-4
-3.76078	-1.08534E-4	1.08534E-4
-3.74091	-1.00694E-4	1.00694E-4
-3.72102	-9.29892E-5	9.29892E-5
-3.70079	-8.61412E-5	8.61412E-5
-3.68087	-7.98246E-5	7.98246E-5
-3.66072	-7.38002E-5	7.38002E-5
-3.64084	-6.84282E-5	6.84282E-5
-3.62096	-6.34401E-5	6.34401E-5
-3.6008	-5.882E-5	5.882E-5
-3.58093	-5.45134E-5	5.45134E-5
-3.56069	-5.04699E-5	5.04699E-5
-3.54088	-4.67666E-5	4.67666E-5
-3.52095	-4.32175E-5	4.32175E-5
-3.5008	-4.00393E-5	4.00393E-5
-3.48092	-3.69339E-5	3.69339E-5
-3.46061	-3.41325E-5	3.41325E-5
-3.44087	-3.15786E-5	3.15786E-5
-3.42096	-2.91906E-5	2.91906E-5
-3.40077	-2.69022E-5	2.69022E-5
-3.3809	-2.48664E-5	2.48664E-5
-3.36072	-2.29199E-5	2.29199E-5
-3.3408	-2.11519E-5	2.11519E-5
-3.32096	-1.95766E-5	1.95766E-5
-3.30077	-1.8007E-5	1.8007E-5
-3.28091	-1.66069E-5	1.66069E-5
-3.26071	-1.52892E-5	1.52892E-5
-3.24088	-1.4029E-5	1.4029E-5
-3.22098	-1.29387E-5	1.29387E-5
-3.20079	-1.18992E-5	1.18992E-5
-3.18087	-1.09316E-5	1.09316E-5
-3.16072	-1.00736E-5	1.00736E-5
-3.1408	-9.29305E-6	9.29305E-6
-3.12097	-8.53057E-6	8.53057E-6
-3.10074	-7.82117E-6	7.82117E-6
-3.08089	-7.17979E-6	7.17979E-6
-3.06066	-6.57865E-6	6.57865E-6
-3.04079	-6.02375E-6	6.02375E-6
-3.02091	-5.51699E-6	5.51699E-6
-3.00071	-5.04892E-6	5.04892E-6
-2.98083	-4.62377E-6	4.62377E-6
-2.96063	-4.23241E-6	4.23241E-6
-2.94076	-3.86136E-6	3.86136E-6
-2.9206	-3.526E-6	3.526E-6
-2.90071	-3.21807E-6	3.21807E-6
-2.88085	-2.94256E-6	2.94256E-6
-2.86064	-2.68232E-6	2.68232E-6
-2.8408	-2.44973E-6	2.44973E-6
-2.82062	-2.23592E-6	2.23592E-6
-2.80071	-2.0416E-6	2.0416E-6
-2.78077	-1.85501E-6	1.85501E-6
-2.76061	-1.68827E-6	1.68827E-6
-2.74072	-1.54429E-6	1.54429E-6
-2.72053	-1.40624E-6	1.40624E-6
-2.70065	-1.27562E-6	1.27562E-6
-2.68077	-1.1582E-6	1.1582E-6
-2.66057	-1.05259E-6	1.05259E-6
-2.64067	-9.64749E-7	9.64749E-7
-2.62052	-8.74368E-7	8.74368E-7
-2.60064	-7.922E-7	7.922E-7
-2.58079	-7.16858E-7	7.16858E-7
-2.56056	-6.49864E-7	6.49864E-7
-2.54069	-5.87862E-7	5.87862E-7
-2.5205	-5.32292E-7	5.32292E-7
-2.50063	-4.81283E-7	4.81283E-7
-2.48075	-4.3751E-7	4.3751E-7
-2.46056	-3.94835E-7	3.94835E-7
-2.44068	-3.56319E-7	3.56319E-7
-2.42051	-3.21742E-7	3.21742E-7
-2.40061	-2.91683E-7	2.91683E-7
-2.38075	-2.63581E-7	2.63581E-7
-2.36054	-2.38357E-7	2.38357E-7
-2.34068	-2.13873E-7	2.13873E-7
-2.32047	-1.93213E-7	1.93213E-7
-2.30059	-1.74081E-7	1.74081E-7
-2.28075	-1.56773E-7	1.56773E-7
-2.26053	-1.40893E-7	1.40893E-7
-2.24067	-1.27503E-7	1.27503E-7
-2.22045	-1.14495E-7	1.14495E-7
-2.20056	-1.03346E-7	1.03346E-7
-2.18073	-9.52158E-8	9.52158E-8
-2.16054	-8.87E-8	8.87E-8
-2.14067	-7.94417E-8	7.94417E-8
-2.12046	-7.08712E-8	7.08712E-8
-2.10062	-6.33888E-8	6.33888E-8
-2.08071	-5.68903E-8	5.68903E-8
-2.06055	-5.09824E-8	5.09824E-8
-2.04065	-4.5827E-8	4.5827E-8
-2.02047	-4.10561E-8	4.10561E-8
-2.00062	-3.68083E-8	3.68083E-8
-1.98041	-3.30215E-8	3.30215E-8
-1.96055	-2.95669E-8	2.95669E-8
-1.94068	-2.64645E-8	2.64645E-8
-1.92046	-2.36534E-8	2.36534E-8
-1.9006	-2.11507E-8	2.11507E-8
-1.88038	-1.88719E-8	1.88719E-8
-1.86052	-1.68899E-8	1.68899E-8
-1.84064	-1.51118E-8	1.51118E-8
-1.82042	-1.35314E-8	1.35314E-8
-1.80052	-1.2023E-8	1.2023E-8
-1.78034	-1.07499E-8	1.07499E-8
-1.76045	-9.5955E-9	9.5955E-9
-1.74058	-8.59998E-9	8.59998E-9
-1.72039	-7.66312E-9	7.66312E-9
-1.70049	-6.81695E-9	6.81695E-9
-1.68033	-6.06446E-9	6.06446E-9
-1.66045	-5.39401E-9	5.39401E-9
-1.64058	-4.80171E-9	4.80171E-9
-1.62035	-4.27285E-9	4.27285E-9
-1.60052	-3.78242E-9	3.78242E-9
-1.58029	-3.35038E-9	3.35038E-9
-1.56046	-2.97927E-9	2.97927E-9
-1.54057	-2.64931E-9	2.64931E-9
-1.52035	-2.33331E-9	2.33331E-9
-1.50048	-2.0537E-9	2.0537E-9
-1.4803	-1.80956E-9	1.80956E-9
-1.46037	-1.59249E-9	1.59249E-9
-1.44053	-1.39799E-9	1.39799E-9
-1.42031	-1.22356E-9	1.22356E-9
-1.40044	-1.07522E-9	1.07522E-9
-1.38022	-9.39119E-10	9.39119E-10
-1.36034	-8.17394E-10	8.17394E-10
-1.34046	-7.14588E-10	7.14588E-10
-1.32028	-6.20854E-10	6.20854E-10
-1.30041	-5.48041E-10	5.48041E-10
-1.28025	-4.81951E-10	4.81951E-10
-1.26032	-4.24385E-10	4.24385E-10
-1.24045	-3.75366E-10	3.75366E-10
-1.22024	-3.30698E-10	3.30698E-10
-1.20038	-2.99549E-10	2.99549E-10
-1.1802	-2.64978E-10	2.64978E-10
-1.16032	-2.37823E-10	2.37823E-10
-1.14046	-2.11275E-10	2.11275E-10
-1.12027	-1.86968E-10	1.86968E-10
-1.1004	-1.61076E-10	1.61076E-10
-1.08019	-1.35505E-10	1.35505E-10
-1.06032	-1.13201E-10	1.13201E-10
-1.04047	-9.06467E-11	9.06467E-11
-1.02024	-7.025E-11	7.025E-11
-1.00036	-4.81367E-11	4.81367E-11
-0.98016	-2.58088E-11	2.58088E-11
-0.960317	-8.01086E-12	8.01086E-12
-0.94013	1.15991E-11	1.15991E-11
-0.920231	2.99215E-11	2.99215E-11
-0.900366	5.13554E-11	5.13554E-11
-0.880144	6.46472E-11	6.46472E-11
-0.860276	7.8094E-11	7.8094E-11
-0.840077	9.52363E-11	9.52363E-11
-0.820198	1.10221E-10	1.10221E-10
-0.800288	1.28281E-10	1.28281E-10
-0.780144	1.405E-10	1.405E-10
-0.76025	1.51849E-10	1.51849E-10
-0.740058	1.66154E-10	1.66154E-10
-0.72016	1.79374E-10	1.79374E-10
-0.7003	1.93882E-10	1.93882E-10
-0.680096	2.02453E-10	2.02453E-10
-0.660222	2.15411E-10	2.15411E-10
-0.640044	2.26021E-10	2.26021E-10
-0.62017	2.30837E-10	2.30837E-10
-0.600302	2.38883E-10	2.38883E-10
-0.580094	2.50649E-10	2.50649E-10
-0.560222	2.5574E-10	2.5574E-10
-0.540013	2.61486E-10	2.61486E-10
-0.520124	2.65706E-10	2.65706E-10
-0.500264	2.73156E-10	2.73156E-10
-0.480058	2.80595E-10	2.80595E-10
-0.460172	2.78699E-10	2.78699E-10
-0.44004	2.82788E-10	2.82788E-10
-0.420103	2.87497E-10	2.87497E-10
-0.400219	2.92051E-10	2.92051E-10
-0.380054	2.95591E-10	2.95591E-10
-0.360153	2.95341E-10	2.95341E-10
-0.339952	2.9943E-10	2.9943E-10
-0.320091	3.01468E-10	3.01468E-10
-0.300238	3.0179E-10	3.0179E-10
-0.280027	2.99275E-10	2.99275E-10
-0.260186	3.0762E-10	3.0762E-10
-0.239964	3.03662E-10	3.03662E-10
-0.220084	3.04699E-10	3.04699E-10
-0.200198	3.10016E-10	3.10016E-10
-0.180006	3.07572E-10	3.07572E-10
-0.160165	3.13067E-10	3.13067E-10
-0.139925	3.18277E-10	3.18277E-10
-0.120041	3.21901E-10	3.21901E-10
-0.100174	3.20351E-10	3.20351E-10
-0.079987	3.22211E-10	3.22211E-10
-0.060122	3.3046E-10	3.3046E-10
-0.0399065	3.31843E-10	3.31843E-10
-0.0200438	3.32177E-10	3.32177E-10
-7.05719E-4	3.31402E-10	3.31402E-10
